<?xml version="1.0" encoding="utf-8"?>
<COLLADA xmlns="http://www.collada.org/2005/11/COLLADASchema" version="1.4.1">
  <asset>
    <contributor>
      <author>Mixamo</author>
      <authoring_tool>COLLADA Mixamo exporter</authoring_tool>
      <comments/>
    </contributor>
    <created>2022-12-16T22:26:53Z</created>
    <modified>2022-12-16T22:26:53Z</modified>
    <revision/>
    <title/>
    <unit meter="0.010000"/>
    <up_axis>Y_UP</up_axis>
  </asset>
  <library_animations>
    <animation id="mixamorig_Hips-anim" name="mixamorig_Hips">
      <source id="mixamorig_Hips-Matrix-animation-input">
        <float_array id="mixamorig_Hips-Matrix-animation-input-array" count="32">

0.000000 0.033333 0.066667 0.100000 0.133333 0.166667 0.200000 0.233333 0.266667 0.300000 0.333333 0.366667 0.400000 0.433333 0.466667 0.500000
0.533333 0.566667 0.600000 0.633333 0.666667 0.700000 0.733333 0.766667 0.800000 0.833333 0.866667 0.900000 0.933333 0.966667 1.000000 1.033333</float_array>
        <technique_common>
          <accessor source="#mixamorig_Hips-Matrix-animation-input-array" count="32">
            <param name="TIME" type="float"/>
          </accessor>
        </technique_common>
      </source>
      <source id="mixamorig_Hips-Matrix-animation-output-transform">
        <float_array id="mixamorig_Hips-Matrix-animation-output-transform-array" count="512">

0.998055 0.040168 0.047676 0.034567 -0.038730 0.998778 -0.030702 101.615395 -0.048851 0.028796 0.998391 1.529683 0.000000 0.000000 0.000000 1.000000
0.998936 0.039586 0.023650 -0.113179 -0.038852 0.998773 -0.030715 102.221512 -0.024837 0.029763 0.999248 1.312540 0.000000 0.000000 0.000000 1.000000
0.999120 0.041801 0.003373 -0.221092 -0.041688 0.998724 -0.028500 102.269035 -0.004560 0.028334 0.999588 1.010352 0.000000 0.000000 0.000000 1.000000
0.999030 0.042631 -0.011015 -0.261295 -0.042895 0.998769 -0.024917 101.871788 0.009939 0.025365 0.999629 0.902341 0.000000 0.000000 0.000000 1.000000
0.998964 0.040061 -0.021598 -0.294015 -0.040556 0.998912 -0.023019 101.142265 0.020652 0.023871 0.999502 0.587774 0.000000 0.000000 0.000000 1.000000
0.998803 0.036149 -0.032952 -0.259729 -0.036957 0.999022 -0.024274 100.195847 0.032043 0.025462 0.999162 0.199445 0.000000 0.000000 0.000000 1.000000
0.998327 0.033987 -0.046781 -0.123055 -0.035244 0.999032 -0.026308 99.131020 0.045842 0.027913 0.998559 -0.041569 0.000000 0.000000 0.000000 1.000000
0.997643 0.032934 -0.060200 0.129954 -0.034552 0.999064 -0.026036 97.852058 0.059286 0.028055 0.997847 0.164732 0.000000 0.000000 0.000000 1.000000
0.997084 0.030159 -0.070097 0.609875 -0.031987 0.999173 -0.025103 96.440704 0.069282 0.027272 0.997224 0.969861 0.000000 0.000000 0.000000 1.000000
0.996962 0.023712 -0.074191 1.101093 -0.025906 0.999251 -0.028744 95.682350 0.073454 0.030578 0.996830 1.976269 0.000000 0.000000 0.000000 1.000000
0.997382 0.015500 -0.070638 1.648008 -0.018136 0.999157 -0.036831 95.546288 0.070008 0.038016 0.996822 2.701165 0.000000 0.000000 0.000000 1.000000
0.998053 0.010856 -0.061413 2.163761 -0.013440 0.999034 -0.041830 95.761475 0.060899 0.042574 0.997236 2.990433 0.000000 0.000000 0.000000 1.000000
0.998580 0.008631 -0.052567 2.683180 -0.010700 0.999174 -0.039194 96.906982 0.052185 0.039701 0.997848 3.007342 0.000000 0.000000 0.000000 1.000000
0.998898 0.010170 -0.045819 3.106200 -0.011672 0.999399 -0.032629 98.710358 0.045460 0.033128 0.998417 2.828652 0.000000 0.000000 0.000000 1.000000
0.999296 0.014863 -0.034436 3.379451 -0.015827 0.999486 -0.027895 100.419106 0.034004 0.028420 0.999018 2.403321 0.000000 0.000000 0.000000 1.000000
0.999724 0.020469 -0.011500 3.620831 -0.020785 0.999389 -0.028104 101.864677 0.010918 0.028335 0.999539 2.154129 0.000000 0.000000 0.000000 1.000000
0.999548 0.021466 0.021062 3.797362 -0.020760 0.999233 -0.033201 102.701912 -0.021759 0.032749 0.999227 1.625225 0.000000 0.000000 0.000000 1.000000
0.998493 0.014409 0.052948 3.891995 -0.012302 0.999128 -0.039903 102.841194 -0.053477 0.039191 0.997800 1.044196 0.000000 0.000000 0.000000 1.000000
0.997136 0.002293 0.075600 3.934205 0.001063 0.999017 -0.044327 102.333351 -0.075627 0.044280 0.996153 0.709916 0.000000 0.000000 0.000000 1.000000
0.995993 -0.008742 0.088999 3.982028 0.012828 0.998884 -0.045445 101.302338 -0.088502 0.046404 0.994994 0.444438 0.000000 0.000000 0.000000 1.000000
0.994949 -0.015352 0.099203 3.987940 0.019905 0.998785 -0.045075 100.064507 -0.098391 0.046822 0.994046 0.191724 0.000000 0.000000 0.000000 1.000000
0.993621 -0.018113 0.111306 3.954199 0.023290 0.998698 -0.045387 98.557259 -0.110339 0.047690 0.992749 0.051370 0.000000 0.000000 0.000000 1.000000
0.991718 -0.019184 0.126997 3.805107 0.025369 0.998560 -0.047265 97.050537 -0.125907 0.050095 0.990776 -0.050356 0.000000 0.000000 0.000000 1.000000
0.989748 -0.016577 0.141860 3.402239 0.024042 0.998406 -0.051073 95.722206 -0.140788 0.053960 0.988568 0.366051 0.000000 0.000000 0.000000 1.000000
0.988950 -0.006092 0.148126 2.884053 0.014785 0.998227 -0.057654 95.059090 -0.147512 0.059207 0.987287 1.036826 0.000000 0.000000 0.000000 1.000000
0.989655 0.014140 0.142768 2.313072 -0.004721 0.997802 -0.066097 94.895042 -0.143389 0.064739 0.987547 1.285309 0.000000 0.000000 0.000000 1.000000
0.990857 0.033462 0.130704 1.774365 -0.024270 0.997159 -0.071302 95.662903 -0.132718 0.067478 0.988854 1.511636 0.000000 0.000000 0.000000 1.000000
0.991590 0.046234 0.120876 1.120489 -0.038208 0.996961 -0.067896 96.861977 -0.123648 0.062706 0.990343 1.575129 0.000000 0.000000 0.000000 1.000000
0.992161 0.051781 0.113734 0.722093 -0.045565 0.997357 -0.056595 98.278778 -0.116364 0.050969 0.991898 1.460824 0.000000 0.000000 0.000000 1.000000
0.993563 0.050748 0.101281 0.450784 -0.046525 0.997964 -0.043634 99.613678 -0.103289 0.038641 0.993901 1.529442 0.000000 0.000000 0.000000 1.000000
0.995888 0.045079 0.078578 0.223535 -0.042473 0.998501 -0.034531 100.767975 -0.080017 0.031052 0.996310 1.665800 0.000000 0.000000 0.000000 1.000000
0.998055 0.040168 0.047676 0.034571 -0.038730 0.998778 -0.030702 101.615379 -0.048851 0.028796 0.998391 1.529687 0.000000 0.000000 0.000000 1.000000</float_array>
        <technique_common>
          <accessor source="#mixamorig_Hips-Matrix-animation-output-transform-array" count="32" stride="16">
            <param type="float4x4"/>
          </accessor>
        </technique_common>
      </source>
      <source id="mixamorig_Hips-Interpolations">
        <Name_array id="mixamorig_Hips-Interpolations-array" count="32">
 LINEAR LINEAR LINEAR LINEAR LINEAR LINEAR LINEAR LINEAR LINEAR LINEAR LINEAR
LINEAR LINEAR LINEAR LINEAR LINEAR LINEAR LINEAR LINEAR LINEAR LINEAR LINEAR LINEAR
LINEAR LINEAR LINEAR LINEAR LINEAR LINEAR LINEAR LINEAR LINEAR</Name_array>
        <technique_common>
          <accessor source="#mixamorig_Hips-Interpolations-array" count="32">
            <param type="name"/>
          </accessor>
        </technique_common>
      </source>
      <sampler id="mixamorig_Hips-Matrix-animation-transform">
        <input semantic="INPUT" source="#mixamorig_Hips-Matrix-animation-input"/>
        <input semantic="OUTPUT" source="#mixamorig_Hips-Matrix-animation-output-transform"/>
        <input semantic="INTERPOLATION" source="#mixamorig_Hips-Interpolations"/>
      </sampler>
      <channel source="#mixamorig_Hips-Matrix-animation-transform" target="mixamorig_Hips/matrix"/>
    </animation>
    <animation id="mixamorig_Spine-anim" name="mixamorig_Spine">
      <source id="mixamorig_Spine-Matrix-animation-input">
        <float_array id="mixamorig_Spine-Matrix-animation-input-array" count="32">

0.000000 0.033333 0.066667 0.100000 0.133333 0.166667 0.200000 0.233333 0.266667 0.300000 0.333333 0.366667 0.400000 0.433333 0.466667 0.500000
0.533333 0.566667 0.600000 0.633333 0.666667 0.700000 0.733333 0.766667 0.800000 0.833333 0.866667 0.900000 0.933333 0.966667 1.000000 1.033333</float_array>
        <technique_common>
          <accessor source="#mixamorig_Spine-Matrix-animation-input-array" count="32">
            <param name="TIME" type="float"/>
          </accessor>
        </technique_common>
      </source>
      <source id="mixamorig_Spine-Matrix-animation-output-transform">
        <float_array id="mixamorig_Spine-Matrix-animation-output-transform-array" count="512">

0.999836 -0.017932 0.002345 0.000000 0.017344 0.987524 0.156513 10.182400 -0.005123 -0.156447 0.987673 -0.000000 0.000000 0.000000 0.000000 1.000000
0.999837 -0.015567 0.009189 0.000000 0.013940 0.987618 0.156256 10.182400 -0.011507 -0.156102 0.987674 -0.000000 0.000000 0.000000 0.000000 1.000000
0.999797 -0.013326 0.015104 -0.000000 0.010835 0.987950 0.154391 10.182400 -0.016979 -0.154196 0.987894 -0.000000 0.000000 0.000000 0.000000 1.000000
0.999746 -0.011053 0.019624 0.000000 0.007913 0.988125 0.153446 10.182400 -0.021087 -0.153252 0.987962 0.000000 0.000000 0.000000 0.000000 1.000000
0.999694 -0.007678 0.023502 0.000000 0.004015 0.988358 0.152093 10.182400 -0.024396 -0.151952 0.988087 -0.000000 0.000000 0.000000 0.000000 1.000000
0.999610 -0.004114 0.027612 0.000000 -0.000124 0.988414 0.151780 10.182400 -0.027917 -0.151725 0.988028 0.000000 0.000000 0.000000 0.000000 1.000000
0.999477 -0.001566 0.032297 0.000000 -0.003361 0.988385 0.151934 10.182400 -0.032159 -0.151963 0.987863 0.000000 0.000000 0.000000 0.000000 1.000000
0.999325 0.000322 0.036742 0.000000 -0.005919 0.988315 0.152311 10.182400 -0.036263 -0.152426 0.987649 0.000000 0.000000 0.000000 0.000000 1.000000
0.999191 0.002041 0.040155 0.000000 -0.008181 0.988136 0.153361 10.182400 -0.039366 -0.153565 0.987354 0.000000 0.000000 0.000000 0.000000 1.000000
0.999148 0.003650 0.041099 -0.000000 -0.010071 0.987527 0.157125 10.182400 -0.040013 -0.157405 0.986723 0.000000 0.000000 0.000000 0.000000 1.000000
0.999252 0.005260 0.038302 0.000000 -0.011416 0.986667 0.162352 10.182400 -0.036937 -0.162668 0.985989 0.000000 0.000000 0.000000 0.000000 1.000000
0.999454 0.004136 0.032781 0.000000 -0.009476 0.986333 0.164492 10.182400 -0.031652 -0.164713 0.985834 0.000000 0.000000 0.000000 0.000000 1.000000
0.999610 0.003310 0.027738 0.000000 -0.007788 0.986608 0.162925 10.182400 -0.026827 -0.163078 0.986248 0.000000 0.000000 0.000000 0.000000 1.000000
0.999715 0.004274 0.023486 0.000000 -0.007989 0.987015 0.160431 10.182400 -0.022495 -0.160572 0.986768 -0.000000 0.000000 0.000000 0.000000 1.000000
0.999821 0.005929 0.017970 -0.000000 -0.008703 0.987323 0.158482 10.182400 -0.016802 -0.158610 0.987198 -0.000000 0.000000 0.000000 0.000000 1.000000
0.999924 0.006752 0.010353 -0.000000 -0.008303 0.987412 0.157950 10.182400 -0.009156 -0.158024 0.987393 0.000000 0.000000 0.000000 0.000000 1.000000
0.999970 0.007568 0.001548 0.000000 -0.007717 0.987533 0.157225 10.182400 -0.000339 -0.157232 0.987562 0.000000 0.000000 0.000000 0.000000 1.000000
0.999940 0.009071 -0.006151 0.000000 -0.007997 0.987638 0.156547 10.182400 0.007495 -0.156488 0.987651 0.000000 0.000000 0.000000 0.000000 1.000000
0.999878 0.010754 -0.011327 -0.000000 -0.008856 0.987724 0.155955 10.182400 0.012865 -0.155835 0.987699 0.000000 0.000000 0.000000 0.000000 1.000000
0.999837 0.010243 -0.014850 0.000000 -0.007829 0.987984 0.154359 10.182400 0.016253 -0.154218 0.987903 0.000000 0.000000 0.000000 0.000000 1.000000
0.999803 0.008279 -0.018021 0.000000 -0.005431 0.988251 0.152744 10.182400 0.019074 -0.152616 0.988101 0.000000 0.000000 0.000000 0.000000 1.000000
0.999760 0.004594 -0.021431 0.000000 -0.001287 0.988407 0.151821 10.182400 0.021880 -0.151757 0.988176 0.000000 0.000000 0.000000 0.000000 1.000000
0.999665 0.001870 -0.025816 0.000000 0.002067 0.988435 0.151630 10.182400 0.025801 -0.151632 0.988100 0.000000 0.000000 0.000000 0.000000 1.000000
0.999548 0.000953 -0.030048 0.000000 0.003677 0.988116 0.153665 10.182400 0.029837 -0.153706 0.987666 0.000000 0.000000 0.000000 0.000000 1.000000
0.999486 -0.001286 -0.032024 -0.000000 0.006342 0.987376 0.158268 10.182400 0.031416 -0.158390 0.986877 -0.000000 0.000000 0.000000 0.000000 1.000000
0.999479 -0.007385 -0.031426 0.000000 0.012412 0.986559 0.162931 10.182400 0.029801 -0.163236 0.986137 0.000000 0.000000 0.000000 0.000000 1.000000
0.999538 -0.012510 -0.027702 -0.000000 0.016922 0.986106 0.165255 10.182400 0.025250 -0.165647 0.985862 0.000000 0.000000 0.000000 0.000000 1.000000
0.999622 -0.014810 -0.023162 -0.000000 0.018415 0.986271 0.164105 10.182400 0.020414 -0.164470 0.986171 0.000000 0.000000 0.000000 0.000000 1.000000
0.999651 -0.017849 -0.019487 0.000000 0.020757 0.986731 0.161030 10.182400 0.016354 -0.161378 0.986757 0.000000 0.000000 0.000000 0.000000 1.000000
0.999696 -0.019957 -0.014503 0.000000 0.022005 0.987113 0.158504 10.182400 0.011153 -0.158774 0.987252 0.000000 0.000000 0.000000 0.000000 1.000000
0.999794 -0.019139 -0.006730 -0.000000 0.019961 0.987306 0.157573 10.182400 0.003629 -0.157675 0.987484 -0.000000 0.000000 0.000000 0.000000 1.000000
0.999836 -0.017932 0.002345 0.000000 0.017344 0.987524 0.156513 10.182400 -0.005123 -0.156447 0.987673 0.000000 0.000000 0.000000 0.000000 1.000000</float_array>
        <technique_common>
          <accessor source="#mixamorig_Spine-Matrix-animation-output-transform-array" count="32" stride="16">
            <param type="float4x4"/>
          </accessor>
        </technique_common>
      </source>
      <source id="mixamorig_Spine-Interpolations">
        <Name_array id="mixamorig_Spine-Interpolations-array" count="32">
 LINEAR LINEAR LINEAR LINEAR LINEAR LINEAR LINEAR LINEAR LINEAR LINEAR LINEAR
LINEAR LINEAR LINEAR LINEAR LINEAR LINEAR LINEAR LINEAR LINEAR LINEAR LINEAR LINEAR
LINEAR LINEAR LINEAR LINEAR LINEAR LINEAR LINEAR LINEAR LINEAR</Name_array>
        <technique_common>
          <accessor source="#mixamorig_Spine-Interpolations-array" count="32">
            <param type="name"/>
          </accessor>
        </technique_common>
      </source>
      <sampler id="mixamorig_Spine-Matrix-animation-transform">
        <input semantic="INPUT" source="#mixamorig_Spine-Matrix-animation-input"/>
        <input semantic="OUTPUT" source="#mixamorig_Spine-Matrix-animation-output-transform"/>
        <input semantic="INTERPOLATION" source="#mixamorig_Spine-Interpolations"/>
      </sampler>
      <channel source="#mixamorig_Spine-Matrix-animation-transform" target="mixamorig_Spine/matrix"/>
    </animation>
    <animation id="mixamorig_Spine1-anim" name="mixamorig_Spine1">
      <source id="mixamorig_Spine1-Matrix-animation-input">
        <float_array id="mixamorig_Spine1-Matrix-animation-input-array" count="32">

0.000000 0.033333 0.066667 0.100000 0.133333 0.166667 0.200000 0.233333 0.266667 0.300000 0.333333 0.366667 0.400000 0.433333 0.466667 0.500000
0.533333 0.566667 0.600000 0.633333 0.666667 0.700000 0.733333 0.766667 0.800000 0.833333 0.866667 0.900000 0.933333 0.966667 1.000000 1.033333</float_array>
        <technique_common>
          <accessor source="#mixamorig_Spine1-Matrix-animation-input-array" count="32">
            <param name="TIME" type="float"/>
          </accessor>
        </technique_common>
      </source>
      <source id="mixamorig_Spine1-Matrix-animation-output-transform">
        <float_array id="mixamorig_Spine1-Matrix-animation-output-transform-array" count="512">

0.999889 -0.010355 0.010678 0.000000 0.010427 0.999923 -0.006716 10.002700 -0.010608 0.006826 0.999920 0.000000 0.000000 0.000000 0.000000 1.000000
0.999723 -0.006018 0.022740 0.000000 0.006188 0.999954 -0.007377 10.002700 -0.022694 0.007516 0.999714 0.000000 0.000000 0.000000 0.000000 1.000000
0.999450 -0.004121 0.032908 0.000000 0.004493 0.999927 -0.011225 10.002700 -0.032859 0.011367 0.999395 0.000000 0.000000 0.000000 0.000000 1.000000
0.999167 -0.003604 0.040656 0.000000 0.004141 0.999905 -0.013119 10.002700 -0.040605 0.013276 0.999087 -0.000000 0.000000 0.000000 0.000000 1.000000
0.998865 -0.001732 0.047600 0.000000 0.002487 0.999872 -0.015794 10.002700 -0.047567 0.015894 0.998742 -0.000000 0.000000 0.000000 0.000000 1.000000
0.998454 0.001152 0.055573 -0.000000 -0.000243 0.999866 -0.016361 10.002700 -0.055584 0.016322 0.998321 0.000000 0.000000 0.000000 0.000000 1.000000
0.997879 0.004196 0.064964 -0.000000 -0.003161 0.999867 -0.016027 10.002700 -0.065022 0.015788 0.997759 0.000000 0.000000 0.000000 0.000000 1.000000
0.997228 0.006554 0.074115 0.000000 -0.005439 0.999869 -0.015243 10.002700 -0.074206 0.014798 0.997133 0.000000 0.000000 0.000000 0.000000 1.000000
0.996679 0.008722 0.080961 0.000000 -0.007686 0.999885 -0.013100 10.002700 -0.081066 0.012435 0.996631 -0.000000 0.000000 0.000000 0.000000 1.000000
0.996396 0.011961 0.083970 -0.000000 -0.011534 0.999918 -0.005567 10.002700 -0.084030 0.004579 0.996453 0.000000 0.000000 0.000000 0.000000 1.000000
0.996446 0.018289 0.082226 0.000000 -0.018741 0.999813 0.004719 10.002700 -0.082125 -0.006243 0.996603 0.000000 0.000000 0.000000 0.000000 1.000000
0.996911 0.023513 0.074933 0.000000 -0.024231 0.999669 0.008698 10.002700 -0.074704 -0.010486 0.997151 0.000000 0.000000 0.000000 0.000000 1.000000
0.997703 0.023161 0.063653 -0.000000 -0.023565 0.999707 0.005597 10.002700 -0.063505 -0.007084 0.997956 0.000000 0.000000 0.000000 0.000000 1.000000
0.998475 0.020618 0.051202 0.000000 -0.020687 0.999786 0.000815 10.002700 -0.051174 -0.001873 0.998688 0.000000 0.000000 0.000000 0.000000 1.000000
0.999203 0.015347 0.036854 -0.000000 -0.015254 0.999880 -0.002811 10.002700 -0.036892 0.002247 0.999317 0.000000 0.000000 0.000000 0.000000 1.000000
0.999763 0.009560 0.019546 0.000000 -0.009489 0.999948 -0.003726 10.002700 -0.019581 0.003540 0.999802 0.000000 0.000000 0.000000 0.000000 1.000000
0.999973 0.007268 0.001322 0.000000 -0.007261 0.999960 -0.005200 10.002700 -0.001360 0.005190 0.999986 -0.000000 0.000000 0.000000 0.000000 1.000000
0.999868 0.008663 -0.013752 -0.000000 -0.008755 0.999940 -0.006604 10.002700 0.013694 0.006724 0.999884 0.000000 0.000000 0.000000 0.000000 1.000000
0.999659 0.011392 -0.023498 0.000000 -0.011578 0.999903 -0.007805 10.002700 0.023407 0.008075 0.999693 0.000000 0.000000 0.000000 0.000000 1.000000
0.999496 0.010941 -0.029794 -0.000000 -0.011274 0.999876 -0.011030 10.002700 0.029670 0.011360 0.999495 -0.000000 0.000000 0.000000 0.000000 1.000000
0.999319 0.009960 -0.035542 0.000000 -0.010472 0.999844 -0.014247 10.002700 0.035395 0.014610 0.999267 0.000000 0.000000 0.000000 0.000000 1.000000
0.999040 0.007765 -0.043114 0.000000 -0.008461 0.999836 -0.016006 10.002700 0.042983 0.016356 0.998942 0.000000 0.000000 0.000000 0.000000 1.000000
0.998636 0.004774 -0.051996 0.000000 -0.005629 0.999851 -0.016318 10.002700 0.051910 0.016589 0.998514 -0.000000 0.000000 0.000000 0.000000 1.000000
0.998240 0.002202 -0.059257 -0.000000 -0.002931 0.999921 -0.012210 10.002700 0.059226 0.012362 0.998168 0.000000 0.000000 0.000000 0.000000 1.000000
0.998082 -0.001984 -0.061867 0.000000 0.001806 0.999994 -0.002935 10.002700 0.061873 0.002818 0.998080 0.000000 0.000000 0.000000 0.000000 1.000000
0.998264 -0.007871 -0.058377 -0.000000 0.008270 0.999944 0.006600 10.002700 0.058322 -0.007072 0.998273 -0.000000 0.000000 0.000000 0.000000 1.000000
0.998541 -0.016904 -0.051287 0.000000 0.017500 0.999784 0.011180 10.002700 0.051087 -0.012061 0.998621 0.000000 0.000000 0.000000 0.000000 1.000000
0.998840 -0.022076 -0.042783 0.000000 0.022469 0.999709 0.008749 10.002700 0.042578 -0.009700 0.999046 0.000000 0.000000 0.000000 0.000000 1.000000
0.999166 -0.023391 -0.033463 0.000000 0.023491 0.999721 0.002590 10.002700 0.033393 -0.003374 0.999437 0.000000 0.000000 0.000000 0.000000 1.000000
0.999563 -0.020309 -0.021458 -0.000000 0.020261 0.999792 -0.002442 10.002700 0.021503 0.002006 0.999767 -0.000000 0.000000 0.000000 0.000000 1.000000
0.999866 -0.015130 -0.006261 0.000000 0.015102 0.999876 -0.004402 10.002700 0.006327 0.004307 0.999971 0.000000 0.000000 0.000000 0.000000 1.000000
0.999889 -0.010355 0.010678 0.000000 0.010427 0.999923 -0.006716 10.002700 -0.010608 0.006826 0.999920 -0.000000 0.000000 0.000000 0.000000 1.000000</float_array>
        <technique_common>
          <accessor source="#mixamorig_Spine1-Matrix-animation-output-transform-array" count="32" stride="16">
            <param type="float4x4"/>
          </accessor>
        </technique_common>
      </source>
      <source id="mixamorig_Spine1-Interpolations">
        <Name_array id="mixamorig_Spine1-Interpolations-array" count="32">
 LINEAR LINEAR LINEAR LINEAR LINEAR LINEAR LINEAR LINEAR LINEAR LINEAR LINEAR
LINEAR LINEAR LINEAR LINEAR LINEAR LINEAR LINEAR LINEAR LINEAR LINEAR LINEAR LINEAR
LINEAR LINEAR LINEAR LINEAR LINEAR LINEAR LINEAR LINEAR LINEAR</Name_array>
        <technique_common>
          <accessor source="#mixamorig_Spine1-Interpolations-array" count="32">
            <param type="name"/>
          </accessor>
        </technique_common>
      </source>
      <sampler id="mixamorig_Spine1-Matrix-animation-transform">
        <input semantic="INPUT" source="#mixamorig_Spine1-Matrix-animation-input"/>
        <input semantic="OUTPUT" source="#mixamorig_Spine1-Matrix-animation-output-transform"/>
        <input semantic="INTERPOLATION" source="#mixamorig_Spine1-Interpolations"/>
      </sampler>
      <channel source="#mixamorig_Spine1-Matrix-animation-transform" target="mixamorig_Spine1/matrix"/>
    </animation>
    <animation id="mixamorig_Spine2-anim" name="mixamorig_Spine2">
      <source id="mixamorig_Spine2-Matrix-animation-input">
        <float_array id="mixamorig_Spine2-Matrix-animation-input-array" count="32">

0.000000 0.033333 0.066667 0.100000 0.133333 0.166667 0.200000 0.233333 0.266667 0.300000 0.333333 0.366667 0.400000 0.433333 0.466667 0.500000
0.533333 0.566667 0.600000 0.633333 0.666667 0.700000 0.733333 0.766667 0.800000 0.833333 0.866667 0.900000 0.933333 0.966667 1.000000 1.033333</float_array>
        <technique_common>
          <accessor source="#mixamorig_Spine2-Matrix-animation-input-array" count="32">
            <param name="TIME" type="float"/>
          </accessor>
        </technique_common>
      </source>
      <source id="mixamorig_Spine2-Matrix-animation-output-transform">
        <float_array id="mixamorig_Spine2-Matrix-animation-output-transform-array" count="512">

0.999889 -0.010076 0.010942 0.000000 0.010427 0.999418 -0.032480 9.322100 -0.010608 0.032591 0.999412 0.000000 0.000000 0.000000 0.000000 1.000000
0.999723 -0.005430 0.022887 -0.000000 0.006188 0.999431 -0.033142 9.322100 -0.022694 0.033275 0.999189 0.000000 0.000000 0.000000 0.000000 1.000000
0.999450 -0.003272 0.033003 0.000000 0.004493 0.999306 -0.036988 9.322100 -0.032859 0.037116 0.998771 0.000000 0.000000 0.000000 0.000000 1.000000
0.999167 -0.002556 0.040735 -0.000000 0.004141 0.999235 -0.038880 9.322100 -0.040605 0.039017 0.998413 0.000000 0.000000 0.000000 0.000000 1.000000
0.998865 -0.000505 0.047629 0.000000 0.002487 0.999133 -0.041554 9.322100 -0.047567 0.041625 0.998000 -0.000000 0.000000 0.000000 0.000000 1.000000
0.998454 0.002584 0.055524 0.000000 -0.000243 0.999113 -0.042120 9.322100 -0.055584 0.042042 0.997568 0.000000 0.000000 0.000000 0.000000 1.000000
0.997879 0.005868 0.064834 0.000000 -0.003161 0.999122 -0.041787 9.322100 -0.065022 0.041494 0.997021 -0.000000 0.000000 0.000000 0.000000 1.000000
0.997228 0.008462 0.073922 0.000000 -0.005439 0.999144 -0.041004 9.322100 -0.074206 0.040488 0.996421 0.000000 0.000000 0.000000 0.000000 1.000000
0.996679 0.010806 0.080709 0.000000 -0.007686 0.999215 -0.038862 9.322100 -0.081066 0.038112 0.995980 0.000000 0.000000 0.000000 0.000000 1.000000
0.996396 0.014121 0.083634 -0.000000 -0.011534 0.999442 -0.031332 9.322100 -0.084030 0.030255 0.996004 0.000000 0.000000 0.000000 0.000000 1.000000
0.996446 0.020402 0.081728 0.000000 -0.018741 0.999603 -0.021046 9.322100 -0.082125 0.019440 0.996432 0.000000 0.000000 0.000000 0.000000 1.000000
0.996911 0.025436 0.074303 0.000000 -0.024231 0.999561 -0.017066 9.322100 -0.074704 0.015212 0.997090 0.000000 0.000000 0.000000 0.000000 1.000000
0.997703 0.024794 0.063035 0.000000 -0.023565 0.999519 -0.020166 9.322100 -0.063505 0.018634 0.997808 0.000000 0.000000 0.000000 0.000000 1.000000
0.998475 0.021931 0.050654 0.000000 -0.020687 0.999475 -0.024948 9.322100 -0.051174 0.023863 0.998405 0.000000 0.000000 0.000000 0.000000 1.000000
0.999203 0.016292 0.036446 0.000000 -0.015254 0.999475 -0.028576 9.322100 -0.036892 0.027997 0.998927 0.000000 0.000000 0.000000 0.000000 1.000000
0.999763 0.010060 0.019293 0.000000 -0.009489 0.999520 -0.029492 9.322100 -0.019581 0.029302 0.999379 0.000000 0.000000 0.000000 0.000000 1.000000
0.999973 0.007299 0.001134 0.000000 -0.007261 0.999494 -0.030966 9.322100 -0.001360 0.030957 0.999520 0.000000 0.000000 0.000000 0.000000 1.000000
0.999868 0.008306 -0.013971 -0.000000 -0.008755 0.999438 -0.032369 9.322100 0.013694 0.032487 0.999378 0.000000 0.000000 0.000000 0.000000 1.000000
0.999659 0.010783 -0.023784 0.000000 -0.011578 0.999369 -0.033569 9.322100 0.023407 0.033833 0.999153 0.000000 0.000000 0.000000 0.000000 1.000000
0.999496 0.010169 -0.030066 0.000000 -0.011274 0.999259 -0.036792 9.322100 0.029670 0.037112 0.998871 0.000000 0.000000 0.000000 0.000000 1.000000
0.999319 0.009041 -0.035787 0.000000 -0.010472 0.999145 -0.040007 9.322100 0.035395 0.040355 0.998558 -0.000000 0.000000 0.000000 0.000000 1.000000
0.999040 0.006651 -0.043300 0.000000 -0.008461 0.999092 -0.041766 9.322100 0.042983 0.042092 0.998189 0.000000 0.000000 0.000000 0.000000 1.000000
0.998636 0.003432 -0.052102 0.000000 -0.005629 0.999098 -0.042078 9.322100 0.051910 0.042314 0.997755 0.000000 0.000000 0.000000 0.000000 1.000000
0.998240 0.000674 -0.059294 -0.000000 -0.002931 0.999275 -0.037972 9.322100 0.059226 0.038079 0.997518 0.000000 0.000000 0.000000 0.000000 1.000000
0.998082 -0.003577 -0.061796 0.000000 0.001806 0.999586 -0.028703 9.322100 0.061873 0.028536 0.997676 0.000000 0.000000 0.000000 0.000000 1.000000
0.998264 -0.009373 -0.058155 0.000000 0.008270 0.999782 -0.019169 9.322100 0.058322 0.018655 0.998124 0.000000 0.000000 0.000000 0.000000 1.000000
0.998541 -0.018220 -0.050835 0.000000 0.017500 0.999740 -0.014587 9.322100 0.051087 0.013676 0.998601 0.000000 0.000000 0.000000 0.000000 1.000000
0.998840 -0.023171 -0.042200 0.000000 0.022469 0.999603 -0.017015 9.322100 0.042578 0.016048 0.998964 0.000000 0.000000 0.000000 0.000000 1.000000
0.999166 -0.024246 -0.032849 -0.000000 0.023491 0.999455 -0.023172 9.322100 0.033393 0.022381 0.999192 0.000000 0.000000 0.000000 0.000000 1.000000
0.999563 -0.020855 -0.020928 0.000000 0.020261 0.999397 -0.028204 9.322100 0.021503 0.027768 0.999383 0.000000 0.000000 0.000000 0.000000 1.000000
0.999866 -0.015286 -0.005869 0.000000 0.015102 0.999431 -0.030166 9.322100 0.006327 0.030073 0.999528 -0.000000 0.000000 0.000000 0.000000 1.000000
0.999889 -0.010076 0.010942 0.000000 0.010427 0.999418 -0.032480 9.322100 -0.010608 0.032591 0.999412 0.000000 0.000000 0.000000 0.000000 1.000000</float_array>
        <technique_common>
          <accessor source="#mixamorig_Spine2-Matrix-animation-output-transform-array" count="32" stride="16">
            <param type="float4x4"/>
          </accessor>
        </technique_common>
      </source>
      <source id="mixamorig_Spine2-Interpolations">
        <Name_array id="mixamorig_Spine2-Interpolations-array" count="32">
 LINEAR LINEAR LINEAR LINEAR LINEAR LINEAR LINEAR LINEAR LINEAR LINEAR LINEAR
LINEAR LINEAR LINEAR LINEAR LINEAR LINEAR LINEAR LINEAR LINEAR LINEAR LINEAR LINEAR
LINEAR LINEAR LINEAR LINEAR LINEAR LINEAR LINEAR LINEAR LINEAR</Name_array>
        <technique_common>
          <accessor source="#mixamorig_Spine2-Interpolations-array" count="32">
            <param type="name"/>
          </accessor>
        </technique_common>
      </source>
      <sampler id="mixamorig_Spine2-Matrix-animation-transform">
        <input semantic="INPUT" source="#mixamorig_Spine2-Matrix-animation-input"/>
        <input semantic="OUTPUT" source="#mixamorig_Spine2-Matrix-animation-output-transform"/>
        <input semantic="INTERPOLATION" source="#mixamorig_Spine2-Interpolations"/>
      </sampler>
      <channel source="#mixamorig_Spine2-Matrix-animation-transform" target="mixamorig_Spine2/matrix"/>
    </animation>
    <animation id="mixamorig_Neck-anim" name="mixamorig_Neck">
      <source id="mixamorig_Neck-Matrix-animation-input">
        <float_array id="mixamorig_Neck-Matrix-animation-input-array" count="32">

0.000000 0.033333 0.066667 0.100000 0.133333 0.166667 0.200000 0.233333 0.266667 0.300000 0.333333 0.366667 0.400000 0.433333 0.466667 0.500000
0.533333 0.566667 0.600000 0.633333 0.666667 0.700000 0.733333 0.766667 0.800000 0.833333 0.866667 0.900000 0.933333 0.966667 1.000000 1.033333</float_array>
        <technique_common>
          <accessor source="#mixamorig_Neck-Matrix-animation-input-array" count="32">
            <param name="TIME" type="float"/>
          </accessor>
        </technique_common>
      </source>
      <source id="mixamorig_Neck-Matrix-animation-output-transform">
        <float_array id="mixamorig_Neck-Matrix-animation-output-transform-array" count="512">

0.999746 0.021894 -0.005338 -0.000000 -0.021894 0.999760 0.000050 16.865299 0.005338 0.000067 0.999986 0.000000 0.000000 0.000000 0.000000 1.000000
0.999909 0.009344 -0.009713 0.000000 -0.009436 0.999911 -0.009393 16.865299 0.009625 0.009483 0.999909 0.000000 0.000000 0.000000 0.000000 1.000000
0.999848 -0.007191 -0.015854 0.000000 0.007026 0.999921 -0.010447 16.865299 0.015928 0.010334 0.999820 0.000000 0.000000 0.000000 0.000000 1.000000
0.999628 -0.018758 -0.019777 0.000000 0.018220 0.999468 -0.027060 16.865299 0.020274 0.026690 0.999438 -0.000000 0.000000 0.000000 0.000000 1.000000
0.999162 -0.032748 -0.024541 0.000000 0.031847 0.998834 -0.036270 16.865299 0.025701 0.035458 0.999041 -0.000000 0.000000 0.000000 0.000000 1.000000
0.998259 -0.050124 -0.031075 -0.000000 0.048696 0.997793 -0.045148 16.865299 0.033270 0.043556 0.998497 -0.000000 0.000000 0.000000 0.000000 1.000000
0.996879 -0.068610 -0.039050 -0.000000 0.066792 0.996702 -0.046088 16.865299 0.042084 0.043336 0.998174 0.000000 0.000000 0.000000 0.000000 1.000000
0.995707 -0.080563 -0.045581 -0.000000 0.079098 0.996318 -0.033085 16.865299 0.048078 0.029337 0.998413 0.000000 0.000000 0.000000 0.000000 1.000000
0.995584 -0.080919 -0.047585 -0.000000 0.080553 0.996704 -0.009558 16.865299 0.048202 0.005683 0.998821 0.000000 0.000000 0.000000 0.000000 1.000000
0.996181 -0.075036 -0.044634 0.000000 0.074652 0.997157 -0.010210 16.865299 0.045274 0.006839 0.998951 -0.000000 0.000000 0.000000 0.000000 1.000000
0.996334 -0.074931 -0.041280 0.000000 0.073986 0.996971 -0.023961 16.865299 0.042951 0.020819 0.998860 0.000000 0.000000 0.000000 0.000000 1.000000
0.997093 -0.067482 -0.035374 0.000000 0.066799 0.997563 -0.020149 16.865299 0.036647 0.017727 0.999171 -0.000000 0.000000 0.000000 0.000000 1.000000
0.998647 -0.045994 -0.024254 0.000000 0.045613 0.998831 -0.016031 16.865299 0.024963 0.014903 0.999577 0.000000 0.000000 0.000000 0.000000 1.000000
0.999337 -0.032836 -0.015709 -0.000000 0.032461 0.999195 -0.023558 16.865299 0.016470 0.023033 0.999599 0.000000 0.000000 0.000000 0.000000 1.000000
0.999735 -0.021603 -0.007942 -0.000000 0.021324 0.999206 -0.033667 16.865299 0.008663 0.033489 0.999402 0.000000 0.000000 0.000000 0.000000 1.000000
0.999933 -0.011573 -0.000817 0.000000 0.011515 0.998589 -0.051845 16.865299 0.001415 0.051832 0.998655 0.000000 0.000000 0.000000 0.000000 1.000000
0.999961 -0.007941 0.003947 0.000000 0.008151 0.998364 -0.056602 16.865299 -0.003492 0.056632 0.998389 -0.000000 0.000000 0.000000 0.000000 1.000000
0.999949 -0.006975 0.007345 0.000000 0.007375 0.998414 -0.055822 16.865299 -0.006944 0.055873 0.998414 -0.000000 0.000000 0.000000 0.000000 1.000000
0.999937 -0.004789 0.010166 0.000000 0.005370 0.998308 -0.057907 16.865299 -0.009872 0.057958 0.998270 0.000000 0.000000 0.000000 0.000000 1.000000
0.999837 0.009240 0.015522 0.000000 -0.008392 0.998514 -0.053851 16.865299 -0.015996 0.053712 0.998428 -0.000000 0.000000 0.000000 0.000000 1.000000
0.999647 0.019101 0.018491 0.000000 -0.018111 0.998466 -0.052319 16.865299 -0.019462 0.051966 0.998459 0.000000 0.000000 0.000000 0.000000 1.000000
0.999268 0.031222 0.022089 0.000000 -0.030224 0.998566 -0.044194 16.865299 -0.023437 0.043494 0.998779 0.000000 0.000000 0.000000 0.000000 1.000000
0.998653 0.044399 0.026850 0.000000 -0.043777 0.998769 -0.023310 16.865299 -0.027851 0.022103 0.999368 0.000000 0.000000 0.000000 0.000000 1.000000
0.998376 0.049096 0.028905 -0.000000 -0.049008 0.998791 -0.003724 16.865299 -0.029053 0.002302 0.999575 0.000000 0.000000 0.000000 0.000000 1.000000
0.998296 0.050808 0.028714 0.000000 -0.050752 0.998708 -0.002666 16.865299 -0.028812 0.001204 0.999584 0.000000 0.000000 0.000000 0.000000 1.000000
0.998775 0.043142 0.024241 -0.000000 -0.043168 0.999068 0.000552 16.865299 -0.024194 -0.001598 0.999706 -0.000000 0.000000 0.000000 0.000000 1.000000
0.998939 0.041076 0.020824 0.000000 -0.041294 0.999096 0.010139 16.865299 -0.020389 -0.010989 0.999732 -0.000000 0.000000 0.000000 0.000000 1.000000
0.999538 0.027567 0.012831 -0.000000 -0.027910 0.999237 0.027336 16.865299 -0.012068 -0.027682 0.999544 0.000000 0.000000 0.000000 0.000000 1.000000
0.999810 0.018536 0.005990 0.000000 -0.018742 0.999164 0.036339 16.865299 -0.005312 -0.036444 0.999322 0.000000 0.000000 0.000000 0.000000 1.000000
0.999933 0.011586 -0.000391 0.000000 -0.011569 0.999498 0.029507 16.865299 0.000733 -0.029500 0.999565 0.000000 0.000000 0.000000 0.000000 1.000000
0.999932 0.010638 -0.004799 0.000000 -0.010582 0.999879 0.011420 16.865299 0.004920 -0.011368 0.999923 -0.000000 0.000000 0.000000 0.000000 1.000000
0.999746 0.021894 -0.005338 0.000000 -0.021894 0.999760 0.000050 16.865299 0.005338 0.000067 0.999986 0.000000 0.000000 0.000000 0.000000 1.000000</float_array>
        <technique_common>
          <accessor source="#mixamorig_Neck-Matrix-animation-output-transform-array" count="32" stride="16">
            <param type="float4x4"/>
          </accessor>
        </technique_common>
      </source>
      <source id="mixamorig_Neck-Interpolations">
        <Name_array id="mixamorig_Neck-Interpolations-array" count="32">
 LINEAR LINEAR LINEAR LINEAR LINEAR LINEAR LINEAR LINEAR LINEAR LINEAR LINEAR
LINEAR LINEAR LINEAR LINEAR LINEAR LINEAR LINEAR LINEAR LINEAR LINEAR LINEAR LINEAR
LINEAR LINEAR LINEAR LINEAR LINEAR LINEAR LINEAR LINEAR LINEAR</Name_array>
        <technique_common>
          <accessor source="#mixamorig_Neck-Interpolations-array" count="32">
            <param type="name"/>
          </accessor>
        </technique_common>
      </source>
      <sampler id="mixamorig_Neck-Matrix-animation-transform">
        <input semantic="INPUT" source="#mixamorig_Neck-Matrix-animation-input"/>
        <input semantic="OUTPUT" source="#mixamorig_Neck-Matrix-animation-output-transform"/>
        <input semantic="INTERPOLATION" source="#mixamorig_Neck-Interpolations"/>
      </sampler>
      <channel source="#mixamorig_Neck-Matrix-animation-transform" target="mixamorig_Neck/matrix"/>
    </animation>
    <animation id="mixamorig_Head-anim" name="mixamorig_Head">
      <source id="mixamorig_Head-Matrix-animation-input">
        <float_array id="mixamorig_Head-Matrix-animation-input-array" count="32">

0.000000 0.033333 0.066667 0.100000 0.133333 0.166667 0.200000 0.233333 0.266667 0.300000 0.333333 0.366667 0.400000 0.433333 0.466667 0.500000
0.533333 0.566667 0.600000 0.633333 0.666667 0.700000 0.733333 0.766667 0.800000 0.833333 0.866667 0.900000 0.933333 0.966667 1.000000 1.033333</float_array>
        <technique_common>
          <accessor source="#mixamorig_Head-Matrix-animation-input-array" count="32">
            <param name="TIME" type="float"/>
          </accessor>
        </technique_common>
      </source>
      <source id="mixamorig_Head-Matrix-animation-output-transform">
        <float_array id="mixamorig_Head-Matrix-animation-output-transform-array" count="512">

0.998050 -0.026587 -0.056466 0.000000 0.023903 0.998576 -0.047687 9.341900 0.057653 0.046244 0.997265 2.841000 0.000000 0.000000 0.000000 1.000000
0.998313 -0.020605 -0.054276 0.000000 0.018443 0.999029 -0.040024 9.341900 0.055048 0.038955 0.997724 2.841000 0.000000 0.000000 0.000000 1.000000
0.998764 -0.009510 -0.048784 0.000000 0.007706 0.999284 -0.037032 9.341900 0.049102 0.036610 0.998123 2.841000 0.000000 0.000000 0.000000 1.000000
0.999017 -0.001889 -0.044293 0.000000 0.000709 0.999645 -0.026630 9.341900 0.044327 0.026572 0.998664 2.841000 0.000000 0.000000 0.000000 1.000000
0.999175 0.005685 -0.040205 -0.000000 -0.006494 0.999779 -0.020016 9.341900 0.040083 0.020260 0.998991 2.841000 0.000000 0.000000 0.000000 1.000000
0.999234 0.013057 -0.036893 0.000000 -0.013540 0.999826 -0.012853 9.341900 0.036719 0.013343 0.999237 2.841000 0.000000 0.000000 0.000000 1.000000
0.999212 0.017781 -0.035480 -0.000000 -0.018102 0.999798 -0.008738 9.341900 0.035317 0.009374 0.999332 2.841000 0.000000 0.000000 0.000000 1.000000
0.999150 0.014932 -0.038428 0.000000 -0.015469 0.999787 -0.013697 9.341900 0.038215 0.014280 0.999167 2.841000 0.000000 0.000000 0.000000 1.000000
0.998933 0.002348 -0.046129 -0.000000 -0.003565 0.999647 -0.026312 9.341900 0.046050 0.026449 0.998589 2.841000 0.000000 0.000000 0.000000 1.000000
0.998476 -0.014697 -0.053189 0.000000 0.013528 0.999660 -0.022274 9.341900 0.053498 0.021521 0.998336 2.841000 0.000000 0.000000 0.000000 1.000000
0.998235 -0.025920 -0.053435 0.000000 0.025238 0.999592 -0.013408 9.341900 0.053761 0.012036 0.998481 2.841000 0.000000 0.000000 0.000000 1.000000
0.998225 -0.034712 -0.048395 0.000000 0.033740 0.999215 -0.020755 9.341900 0.049078 0.019085 0.998613 2.841000 0.000000 0.000000 0.000000 1.000000
0.998204 -0.044406 -0.040201 -0.000000 0.043211 0.998612 -0.030124 9.341900 0.041483 0.028333 0.998737 2.841000 0.000000 0.000000 0.000000 1.000000
0.998543 -0.047028 -0.026449 -0.000000 0.046099 0.998334 -0.034699 9.341900 0.028037 0.033429 0.999048 2.841000 0.000000 0.000000 0.000000 1.000000
0.998705 -0.049081 -0.013360 0.000000 0.048536 0.998081 -0.038463 9.341900 0.015222 0.037765 0.999171 2.841000 0.000000 0.000000 0.000000 1.000000
0.998553 -0.053640 -0.003787 0.000000 0.053494 0.998070 -0.031553 9.341900 0.005472 0.031304 0.999495 2.841000 0.000000 0.000000 0.000000 1.000000
0.998294 -0.058320 0.002664 -0.000000 0.058368 0.997983 -0.024972 9.341900 -0.001202 0.025085 0.999685 2.841000 0.000000 0.000000 0.000000 1.000000
0.997974 -0.063322 0.006255 0.000000 0.063416 0.997856 -0.016205 9.341900 -0.005216 0.016569 0.999849 2.841000 0.000000 0.000000 0.000000 1.000000
0.997666 -0.067853 0.007684 0.000000 0.067886 0.997684 -0.004187 9.341900 -0.007383 0.004699 0.999962 2.841000 0.000000 0.000000 0.000000 1.000000
0.997179 -0.074860 0.005385 0.000000 0.074845 0.997191 0.002908 9.341900 -0.005588 -0.002497 0.999981 2.841000 0.000000 0.000000 0.000000 1.000000
0.997132 -0.075508 0.005120 -0.000000 0.075458 0.997106 0.009281 9.341900 -0.005806 -0.008868 0.999944 2.841000 0.000000 0.000000 0.000000 1.000000
0.997315 -0.073060 0.004965 -0.000000 0.073025 0.997306 0.006911 9.341900 -0.005457 -0.006530 0.999964 2.841000 0.000000 0.000000 0.000000 1.000000
0.997661 -0.068220 0.004263 0.000000 0.068243 0.997654 -0.005504 9.341900 -0.003877 0.005782 0.999976 2.841000 0.000000 0.000000 0.000000 1.000000
0.998297 -0.058138 0.004758 0.000000 0.058219 0.998122 -0.019030 9.341900 -0.003643 0.019275 0.999808 2.841000 0.000000 0.000000 0.000000 1.000000
0.998812 -0.048619 0.003221 0.000000 0.048673 0.998618 -0.019816 9.341900 -0.002253 0.019950 0.999798 2.841000 0.000000 0.000000 0.000000 1.000000
0.999262 -0.038406 0.000558 0.000000 0.038409 0.999011 -0.022392 9.341900 0.000302 0.022397 0.999749 2.841000 0.000000 0.000000 0.000000 1.000000
